138
bach_brandeburg_concert_1046_1__nc_anonym.mid                                                         0.000 0.363 0.284 0.237 0.303 0.273 0.182 0.076 0.102 0.233 0.462 0.411 0.433 0.112 0.076 0.321 0.162 0.182 0.167 0.105 0.037 0.224 0.08 0.183 0.099 0.134 0.209 0.181 0.194 0.149 0.1 0.372 0.451 0.082 0.064 0.136 0.078 0.078 0.426 0.268 0.249 0.31 0.148 0.166 0.229 0.163 0.172 0.708 0.702 0.257 0.159 0.276 0.237 0.243 0.186 0.149 0.158 0.072 0.119 0.111 0.219 0.134 0.259 0.174 0.366 0.234 0.226 0.422 0.161 0.403 0.088 0.076 0.152 0.123 0.074 0.106 0.076 0.194 0.219 0.225 1.098 0.815 0.131 0.118 NaN 0.385 0.083 0.154 0.234 0.128 0.084 0.25 0.14 0.16 0.389 0.405 0.388 0.394 0.375 0.386 0.415 0.311 0.301 0.441 0.38 0.137 0.123 0.118 0.12 0.181 0.128 0.121 0.144 0.085 0.232 0.198 0.132 0.233 0.092 0.089 0.138 0.077 0.089 0.265 0.428 0.387 0.417 0.236 0.293 0.366 0.353 0.34 0.334 0.473 0.279 0.236 0.249 0.201
bach_bwv0360.mid                                                                                      0.363 0.000 0.094 0.135 0.096 0.122 0.191 0.315 0.41 0.142 0.757 0.746 0.767 0.417 0.401 0.617 0.303 0.392 0.493 0.351 0.379 0.486 0.351 0.206 0.308 0.258 0.236 0.2 0.176 0.266 0.336 0.707 0.771 0.333 0.342 0.241 0.332 0.336 0.723 0.609 0.58 0.615 0.422 0.451 0.572 0.291 0.279 0.958 0.952 0.585 0.455 0.617 0.568 0.577 0.511 0.496 0.509 0.33 0.286 0.43 0.2 0.251 0.147 0.528 0.688 0.549 0.578 0.722 0.482 0.514 0.402 0.377 0.484 0.363 0.397 0.402 0.395 0.544 0.537 0.554 1.264 1.047 0.459 0.405 NaN 0.71 0.336 0.387 0.275 0.289 0.407 0.169 0.421 0.22 0.695 0.723 0.705 0.71 0.711 0.66 0.719 0.643 0.633 0.786 0.71 0.49 0.467 0.4 0.377 0.52 0.459 0.441 0.499 0.411 0.582 0.371 0.483 0.575 0.326 0.433 0.266 0.319 0.301 0.424 0.727 0.71 0.715 0.565 0.643 0.69 0.657 0.665 0.661 0.783 0.607 0.578 0.604 0.544
bach_bwv0361.mid                                                                                      0.284 0.094 0.000 0.062 0.084 0.086 0.11 0.238 0.343 0.058 0.688 0.665 0.685 0.328 0.319 0.546 0.226 0.339 0.414 0.284 0.299 0.429 0.276 0.151 0.24 0.194 0.2 0.113 0.108 0.211 0.272 0.629 0.696 0.259 0.265 0.165 0.259 0.267 0.654 0.526 0.502 0.538 0.349 0.376 0.493 0.218 0.208 0.893 0.885 0.507 0.378 0.542 0.497 0.493 0.427 0.412 0.425 0.252 0.211 0.352 0.132 0.18 0.077 0.451 0.609 0.469 0.493 0.658 0.407 0.497 0.333 0.298 0.397 0.276 0.319 0.321 0.317 0.463 0.464 0.478 1.222 0.994 0.376 0.328 NaN 0.631 0.25 0.311 0.205 0.201 0.322 0.09 0.339 0.147 0.619 0.648 0.628 0.634 0.632 0.589 0.643 0.565 0.553 0.706 0.633 0.41 0.39 0.32 0.3 0.44 0.379 0.361 0.416 0.328 0.499 0.295 0.4 0.492 0.244 0.35 0.181 0.235 0.222 0.362 0.651 0.632 0.642 0.489 0.564 0.604 0.584 0.584 0.585 0.707 0.532 0.497 0.523 0.463
bach_bwv0362.mid                                                                                      0.237 0.135 0.062 0.000 0.103 0.092 0.06 0.186 0.289 0.035 0.646 0.623 0.65 0.289 0.278 0.5 0.193 0.287 0.37 0.228 0.251 0.372 0.226 0.093 0.182 0.137 0.15 0.081 0.06 0.154 0.215 0.585 0.657 0.216 0.212 0.118 0.208 0.215 0.616 0.481 0.452 0.489 0.293 0.325 0.446 0.181 0.173 0.851 0.843 0.461 0.328 0.492 0.444 0.455 0.39 0.369 0.382 0.199 0.155 0.305 0.099 0.124 0.065 0.4 0.56 0.421 0.449 0.603 0.361 0.458 0.279 0.254 0.359 0.245 0.274 0.275 0.27 0.417 0.411 0.43 1.202 0.968 0.334 0.278 NaN 0.589 0.207 0.278 0.191 0.169 0.28 0.094 0.301 0.095 0.577 0.604 0.586 0.591 0.588 0.55 0.602 0.519 0.51 0.658 0.589 0.364 0.341 0.27 0.249 0.397 0.333 0.312 0.374 0.285 0.456 0.251 0.358 0.449 0.206 0.305 0.148 0.196 0.181 0.313 0.605 0.585 0.592 0.44 0.517 0.567 0.543 0.542 0.541 0.668 0.488 0.454 0.476 0.416
bach_bwv0363.mid                                                                                      0.303 0.096 0.084 0.103 0.000 0.047 0.147 0.253 0.343 0.109 0.693 0.683 0.706 0.357 0.338 0.548 0.24 0.32 0.441 0.291 0.322 0.417 0.301 0.156 0.253 0.199 0.175 0.161 0.145 0.21 0.275 0.64 0.707 0.264 0.286 0.187 0.273 0.267 0.685 0.547 0.515 0.553 0.376 0.395 0.509 0.244 0.234 0.904 0.898 0.524 0.401 0.549 0.499 0.527 0.46 0.438 0.447 0.277 0.224 0.361 0.157 0.198 0.107 0.467 0.624 0.483 0.517 0.651 0.414 0.445 0.337 0.314 0.425 0.298 0.333 0.333 0.332 0.483 0.473 0.51 1.226 1.001 0.411 0.348 NaN 0.641 0.276 0.324 0.216 0.231 0.343 0.111 0.351 0.168 0.627 0.652 0.636 0.64 0.641 0.591 0.651 0.576 0.566 0.73 0.644 0.423 0.397 0.342 0.319 0.454 0.389 0.375 0.438 0.346 0.519 0.313 0.422 0.508 0.267 0.373 0.208 0.26 0.243 0.371 0.662 0.643 0.65 0.496 0.576 0.617 0.59 0.596 0.595 0.716 0.553 0.515 0.538 0.483
bach_bwv0364.mid                                                                                      0.273 0.122 0.086 0.092 0.047 0.000 0.128 0.224 0.313 0.098 0.675 0.661 0.674 0.328 0.308 0.526 0.228 0.29 0.408 0.261 0.294 0.387 0.267 0.133 0.226 0.17 0.151 0.136 0.123 0.18 0.245 0.617 0.683 0.241 0.257 0.156 0.247 0.237 0.656 0.518 0.491 0.53 0.348 0.368 0.482 0.23 0.221 0.888 0.881 0.502 0.377 0.523 0.471 0.496 0.428 0.411 0.418 0.248 0.199 0.338 0.145 0.169 0.114 0.439 0.6 0.458 0.488 0.625 0.391 0.423 0.308 0.291 0.395 0.271 0.308 0.311 0.3 0.455 0.447 0.478 1.215 0.984 0.383 0.323 NaN 0.619 0.251 0.308 0.219 0.211 0.317 0.11 0.331 0.146 0.611 0.631 0.616 0.62 0.617 0.58 0.635 0.555 0.545 0.704 0.622 0.392 0.369 0.314 0.291 0.428 0.363 0.351 0.409 0.319 0.494 0.294 0.39 0.481 0.246 0.347 0.192 0.235 0.221 0.355 0.642 0.62 0.627 0.47 0.549 0.594 0.571 0.572 0.572 0.697 0.528 0.486 0.509 0.456
bach_concerto_for_four-harpischords_1065_1__nc_wittenburg.mid                                         0.182 0.191 0.11 0.06 0.147 0.128 0.000 0.134 0.242 0.066 0.593 0.567 0.592 0.232 0.22 0.448 0.145 0.254 0.317 0.183 0.196 0.336 0.177 0.077 0.137 0.101 0.146 0.045 0.053 0.128 0.174 0.528 0.601 0.166 0.158 0.071 0.153 0.168 0.562 0.423 0.396 0.434 0.243 0.272 0.388 0.135 0.129 0.804 0.795 0.403 0.271 0.436 0.391 0.4 0.336 0.31 0.324 0.146 0.108 0.25 0.083 0.083 0.092 0.343 0.505 0.365 0.391 0.555 0.306 0.449 0.229 0.197 0.303 0.191 0.218 0.219 0.217 0.359 0.357 0.377 1.17 0.921 0.278 0.221 NaN 0.533 0.149 0.229 0.169 0.119 0.221 0.106 0.246 0.05 0.523 0.55 0.531 0.536 0.531 0.502 0.548 0.464 0.453 0.6 0.533 0.308 0.286 0.215 0.195 0.338 0.277 0.256 0.316 0.227 0.397 0.206 0.3 0.39 0.149 0.247 0.097 0.138 0.124 0.276 0.551 0.529 0.539 0.384 0.459 0.513 0.49 0.484 0.484 0.614 0.43 0.396 0.419 0.358
bach_double_violin_concerto_1043_1__c_matthews.mid                                                    0.076 0.315 0.238 0.186 0.253 0.224 0.134 0.000 0.12 0.189 0.493 0.46 0.485 0.139 0.116 0.338 0.139 0.154 0.206 0.068 0.089 0.221 0.078 0.127 0.057 0.076 0.155 0.139 0.153 0.1 0.075 0.415 0.495 0.094 0.039 0.081 0.056 0.061 0.485 0.303 0.275 0.321 0.141 0.159 0.268 0.133 0.139 0.712 0.703 0.297 0.169 0.31 0.26 0.3 0.242 0.202 0.212 0.043 0.059 0.138 0.16 0.072 0.211 0.22 0.387 0.25 0.276 0.431 0.195 0.389 0.103 0.104 0.2 0.122 0.112 0.116 0.092 0.239 0.233 0.272 1.109 0.852 0.184 0.114 NaN 0.421 0.078 0.179 0.214 0.123 0.121 0.209 0.164 0.101 0.422 0.437 0.423 0.427 0.415 0.418 0.448 0.35 0.346 0.485 0.422 0.184 0.16 0.104 0.09 0.225 0.159 0.142 0.206 0.12 0.288 0.153 0.185 0.273 0.097 0.143 0.116 0.088 0.085 0.22 0.442 0.412 0.426 0.261 0.339 0.41 0.388 0.37 0.372 0.512 0.328 0.282 0.295 0.239
bach_harpsichord_concerto_1052_1__nc_wittenburg.mid                                                   0.102 0.41 0.343 0.289 0.343 0.313 0.242 0.12 0.000 0.294 0.433 0.405 0.44 0.179 0.132 0.28 0.218 0.111 0.195 0.088 0.115 0.131 0.122 0.211 0.119 0.158 0.205 0.251 0.25 0.155 0.084 0.352 0.432 0.129 0.108 0.19 0.112 0.079 0.432 0.266 0.229 0.286 0.151 0.163 0.212 0.224 0.232 0.69 0.683 0.257 0.168 0.232 0.176 0.279 0.238 0.185 0.185 0.128 0.155 0.121 0.268 0.175 0.315 0.155 0.344 0.223 0.236 0.347 0.146 0.328 0.031 0.127 0.202 0.192 0.115 0.137 0.104 0.194 0.17 0.227 1.077 0.797 0.186 0.131 NaN 0.367 0.158 0.208 0.294 0.214 0.141 0.312 0.182 0.21 0.373 0.371 0.37 0.368 0.351 0.375 0.401 0.291 0.296 0.424 0.361 0.136 0.108 0.139 0.136 0.18 0.129 0.129 0.172 0.131 0.24 0.224 0.157 0.229 0.169 0.141 0.214 0.165 0.163 0.255 0.403 0.363 0.376 0.201 0.27 0.37 0.333 0.327 0.309 0.454 0.273 0.229 0.231 0.198
bach_organ_concerto_592_1__nc_wittenburg.mid                                                          0.233 0.142 0.058 0.035 0.109 0.098 0.066 0.189 0.294 0.000 0.647 0.615 0.641 0.28 0.273 0.504 0.191 0.299 0.365 0.238 0.247 0.383 0.226 0.113 0.189 0.149 0.17 0.072 0.066 0.168 0.223 0.582 0.652 0.213 0.215 0.121 0.213 0.219 0.615 0.478 0.454 0.494 0.3 0.33 0.445 0.181 0.174 0.857 0.85 0.46 0.332 0.493 0.448 0.444 0.378 0.362 0.375 0.201 0.162 0.303 0.111 0.133 0.066 0.399 0.561 0.422 0.442 0.613 0.36 0.47 0.284 0.25 0.348 0.235 0.269 0.274 0.269 0.413 0.417 0.428 1.193 0.964 0.326 0.281 NaN 0.584 0.202 0.27 0.179 0.155 0.274 0.078 0.295 0.105 0.575 0.602 0.582 0.588 0.584 0.547 0.598 0.517 0.505 0.656 0.586 0.36 0.34 0.274 0.255 0.394 0.331 0.312 0.367 0.28 0.45 0.259 0.351 0.445 0.197 0.299 0.137 0.188 0.176 0.329 0.608 0.586 0.599 0.442 0.515 0.555 0.542 0.538 0.539 0.662 0.487 0.448 0.472 0.414
bartok_piano_sonata_1__c_unknown.mid                                                                  0.462 0.757 0.688 0.646 0.693 0.675 0.593 0.493 0.433 0.647 0.000 0.253 0.405 0.448 0.429 0.232 0.484 0.495 0.438 0.47 0.451 0.466 0.496 0.592 0.512 0.548 0.598 0.6 0.618 0.559 0.497 0.195 0.263 0.453 0.476 0.554 0.461 0.475 0.471 0.352 0.322 0.314 0.463 0.43 0.28 0.521 0.53 0.605 0.599 0.301 0.394 0.264 0.325 0.428 0.442 0.39 0.378 0.497 0.525 0.369 0.597 0.556 0.652 0.342 0.327 0.339 0.338 0.357 0.319 0.641 0.425 0.415 0.422 0.463 0.403 0.403 0.437 0.326 0.323 0.398 0.962 0.647 0.407 0.417 NaN 0.201 0.467 0.409 0.565 0.537 0.415 0.642 0.398 0.567 0.147 0.169 0.186 0.158 0.215 0.197 0.199 0.219 0.226 0.289 0.168 0.375 0.386 0.43 0.454 0.306 0.355 0.383 0.375 0.413 0.298 0.482 0.388 0.305 0.474 0.399 0.524 0.487 0.481 0.494 0.311 0.263 0.323 0.296 0.244 0.343 0.129 0.277 0.195 0.255 0.247 0.32 0.3 0.309
bartok_piano_sonata_2__c_unknown.mid                                                                  0.411 0.746 0.665 0.623 0.683 0.661 0.567 0.46 0.405 0.615 0.253 0.000 0.28 0.373 0.381 0.283 0.471 0.488 0.355 0.454 0.392 0.446 0.449 0.574 0.48 0.527 0.59 0.566 0.589 0.538 0.469 0.131 0.187 0.428 0.438 0.528 0.442 0.45 0.423 0.267 0.272 0.299 0.421 0.396 0.232 0.498 0.511 0.608 0.605 0.24 0.364 0.231 0.302 0.3 0.333 0.297 0.284 0.453 0.494 0.335 0.585 0.528 0.627 0.275 0.269 0.292 0.223 0.384 0.289 0.653 0.398 0.378 0.322 0.419 0.361 0.371 0.396 0.248 0.314 0.319 0.958 0.676 0.328 0.39 NaN 0.142 0.427 0.376 0.533 0.482 0.362 0.611 0.355 0.546 0.174 0.179 0.148 0.164 0.142 0.248 0.193 0.143 0.151 0.18 0.124 0.307 0.332 0.398 0.43 0.266 0.317 0.34 0.292 0.358 0.2 0.468 0.313 0.232 0.431 0.333 0.489 0.443 0.452 0.501 0.304 0.232 0.338 0.273 0.176 0.189 0.211 0.217 0.174 0.2 0.24 0.234 0.207 0.253
bartok_piano_sonata_3__c_unknown.mid                                                                  0.433 0.767 0.685 0.65 0.706 0.674 0.592 0.485 0.44 0.641 0.405 0.28 0.000 0.383 0.383 0.374 0.517 0.506 0.321 0.484 0.421 0.482 0.46 0.603 0.517 0.552 0.619 0.578 0.61 0.565 0.502 0.263 0.269 0.471 0.466 0.541 0.471 0.482 0.353 0.243 0.311 0.345 0.447 0.406 0.284 0.524 0.535 0.58 0.58 0.286 0.395 0.304 0.347 0.255 0.296 0.311 0.294 0.475 0.53 0.396 0.609 0.549 0.665 0.32 0.309 0.331 0.259 0.428 0.366 0.672 0.432 0.428 0.315 0.429 0.41 0.418 0.406 0.288 0.371 0.338 1.056 0.696 0.354 0.427 NaN 0.29 0.46 0.44 0.596 0.507 0.39 0.642 0.405 0.568 0.356 0.342 0.31 0.336 0.273 0.447 0.369 0.298 0.296 0.259 0.286 0.321 0.356 0.426 0.45 0.308 0.364 0.397 0.302 0.389 0.262 0.501 0.313 0.264 0.467 0.373 0.526 0.466 0.487 0.544 0.357 0.291 0.389 0.322 0.251 0.306 0.353 0.262 0.298 0.365 0.294 0.281 0.262 0.299
bartok_roumanian_folk_dances_1__c_pajares.mid                                                         0.112 0.417 0.328 0.289 0.357 0.328 0.232 0.139 0.179 0.28 0.448 0.373 0.383 0.000 0.082 0.302 0.18 0.245 0.142 0.175 0.1 0.277 0.143 0.256 0.181 0.211 0.29 0.221 0.26 0.234 0.19 0.342 0.426 0.155 0.129 0.191 0.148 0.165 0.433 0.214 0.214 0.266 0.168 0.152 0.204 0.196 0.206 0.656 0.647 0.227 0.146 0.261 0.24 0.2 0.144 0.111 0.114 0.131 0.172 0.123 0.256 0.198 0.298 0.174 0.313 0.183 0.177 0.417 0.17 0.481 0.16 0.116 0.086 0.09 0.112 0.106 0.105 0.166 0.216 0.229 1.085 0.813 0.117 0.127 NaN 0.344 0.1 0.171 0.257 0.15 0.069 0.281 0.117 0.214 0.358 0.377 0.351 0.363 0.338 0.374 0.382 0.284 0.268 0.405 0.35 0.12 0.125 0.109 0.129 0.162 0.118 0.12 0.127 0.075 0.2 0.174 0.105 0.185 0.123 0.081 0.17 0.12 0.149 0.259 0.377 0.34 0.379 0.216 0.266 0.305 0.337 0.284 0.309 0.442 0.274 0.204 0.217 0.168
bartok_roumanian_folk_dances_2__c_pajares.mid                                                         0.076 0.401 0.319 0.278 0.338 0.308 0.22 0.116 0.132 0.273 0.429 0.381 0.383 0.082 0.000 0.279 0.16 0.204 0.149 0.143 0.079 0.248 0.127 0.231 0.158 0.183 0.257 0.213 0.243 0.204 0.157 0.33 0.407 0.111 0.109 0.171 0.102 0.122 0.404 0.226 0.214 0.27 0.168 0.151 0.19 0.18 0.189 0.665 0.659 0.215 0.131 0.244 0.217 0.219 0.163 0.118 0.117 0.118 0.16 0.09 0.245 0.18 0.294 0.156 0.326 0.19 0.192 0.399 0.135 0.434 0.112 0.075 0.12 0.095 0.072 0.088 0.081 0.161 0.197 0.224 1.068 0.771 0.123 0.105 NaN 0.341 0.092 0.15 0.253 0.15 0.047 0.279 0.107 0.195 0.352 0.366 0.345 0.354 0.332 0.366 0.379 0.28 0.265 0.408 0.341 0.101 0.098 0.109 0.117 0.134 0.093 0.111 0.109 0.047 0.195 0.184 0.095 0.183 0.099 0.072 0.16 0.095 0.117 0.261 0.381 0.341 0.379 0.199 0.255 0.329 0.32 0.285 0.293 0.431 0.247 0.193 0.216 0.164
bartok_roumanian_folk_dances_3__c_pajares.mid                                                         0.321 0.617 0.546 0.5 0.548 0.526 0.448 0.338 0.28 0.504 0.232 0.283 0.374 0.302 0.279 0.000 0.342 0.323 0.314 0.315 0.314 0.308 0.35 0.438 0.36 0.392 0.441 0.455 0.476 0.404 0.344 0.177 0.268 0.321 0.324 0.405 0.307 0.321 0.431 0.239 0.191 0.167 0.311 0.265 0.154 0.396 0.404 0.555 0.541 0.192 0.226 0.131 0.174 0.343 0.34 0.269 0.248 0.344 0.363 0.224 0.454 0.402 0.506 0.209 0.216 0.166 0.236 0.234 0.179 0.506 0.271 0.275 0.3 0.322 0.267 0.257 0.292 0.211 0.155 0.303 0.937 0.642 0.299 0.249 NaN 0.179 0.321 0.314 0.444 0.397 0.267 0.502 0.261 0.416 0.189 0.153 0.17 0.159 0.166 0.254 0.24 0.165 0.187 0.287 0.18 0.228 0.229 0.267 0.282 0.172 0.203 0.243 0.255 0.258 0.213 0.309 0.255 0.171 0.331 0.267 0.388 0.346 0.347 0.315 0.21 0.189 0.2 0.144 0.161 0.282 0.166 0.16 0.121 0.252 0.206 0.185 0.191 0.187
bartok_roumanian_folk_dances_4__c_pajares.mid                                                         0.162 0.303 0.226 0.193 0.24 0.228 0.145 0.139 0.218 0.191 0.484 0.471 0.517 0.18 0.16 0.342 0.000 0.25 0.291 0.186 0.173 0.324 0.203 0.179 0.171 0.162 0.221 0.157 0.189 0.196 0.196 0.422 0.498 0.117 0.157 0.145 0.123 0.158 0.512 0.356 0.316 0.346 0.241 0.232 0.304 0.144 0.141 0.723 0.716 0.304 0.204 0.352 0.327 0.36 0.302 0.251 0.255 0.161 0.13 0.164 0.163 0.16 0.182 0.281 0.42 0.276 0.321 0.485 0.213 0.467 0.198 0.124 0.253 0.133 0.155 0.136 0.192 0.288 0.289 0.353 1.104 0.828 0.238 0.165 NaN 0.425 0.102 0.136 0.141 0.107 0.148 0.176 0.134 0.136 0.406 0.44 0.418 0.424 0.426 0.386 0.436 0.364 0.348 0.519 0.426 0.242 0.221 0.169 0.161 0.246 0.192 0.19 0.25 0.155 0.311 0.148 0.245 0.298 0.092 0.183 0.079 0.101 0.092 0.235 0.448 0.429 0.448 0.298 0.369 0.413 0.383 0.379 0.38 0.502 0.347 0.315 0.342 0.279
beethoven_piano_sonata_10-1_1__nc_wittenburg.mid                                                      0.182 0.392 0.339 0.287 0.32 0.29 0.254 0.154 0.111 0.299 0.495 0.488 0.506 0.245 0.204 0.323 0.25 0.000 0.261 0.112 0.197 0.114 0.176 0.202 0.15 0.157 0.165 0.267 0.259 0.148 0.114 0.424 0.501 0.186 0.162 0.203 0.162 0.12 0.517 0.327 0.286 0.326 0.199 0.195 0.287 0.258 0.262 0.695 0.687 0.329 0.229 0.295 0.223 0.363 0.321 0.273 0.272 0.175 0.171 0.198 0.269 0.181 0.314 0.243 0.386 0.271 0.322 0.352 0.225 0.258 0.12 0.205 0.281 0.239 0.2 0.2 0.166 0.277 0.222 0.318 1.111 0.855 0.282 0.188 NaN 0.432 0.217 0.274 0.326 0.259 0.22 0.317 0.244 0.213 0.439 0.43 0.435 0.43 0.417 0.444 0.469 0.363 0.376 0.499 0.434 0.217 0.181 0.186 0.169 0.262 0.206 0.206 0.266 0.209 0.332 0.231 0.244 0.302 0.228 0.234 0.252 0.223 0.217 0.237 0.436 0.411 0.4 0.258 0.346 0.443 0.398 0.382 0.378 0.523 0.361 0.313 0.31 0.277
beethoven_piano_sonata_10-1_2__nc_wittenburg.mid                                                      0.167 0.493 0.414 0.37 0.441 0.408 0.317 0.206 0.195 0.365 0.438 0.355 0.321 0.142 0.149 0.314 0.291 0.261 0.000 0.205 0.145 0.265 0.165 0.32 0.232 0.27 0.342 0.302 0.326 0.281 0.224 0.323 0.405 0.231 0.183 0.261 0.211 0.22 0.39 0.149 0.189 0.256 0.163 0.153 0.178 0.263 0.276 0.614 0.609 0.223 0.18 0.231 0.205 0.118 0.088 0.101 0.119 0.184 0.257 0.185 0.338 0.26 0.397 0.144 0.279 0.197 0.144 0.38 0.204 0.479 0.18 0.196 0.093 0.197 0.174 0.193 0.131 0.127 0.202 0.151 1.078 0.808 0.116 0.178 NaN 0.333 0.208 0.254 0.372 0.261 0.166 0.387 0.219 0.288 0.366 0.372 0.352 0.363 0.324 0.411 0.39 0.275 0.27 0.345 0.334 0.123 0.143 0.168 0.19 0.177 0.171 0.174 0.122 0.164 0.191 0.265 0.098 0.183 0.221 0.146 0.273 0.217 0.235 0.317 0.364 0.317 0.365 0.209 0.236 0.332 0.335 0.275 0.299 0.443 0.244 0.198 0.186 0.145
beethoven_piano_sonata_10-1_3__nc_wittenburg.mid                                                      0.105 0.351 0.284 0.228 0.291 0.261 0.183 0.068 0.088 0.238 0.47 0.454 0.484 0.175 0.143 0.315 0.186 0.112 0.205 0.000 0.113 0.17 0.086 0.151 0.066 0.098 0.156 0.194 0.193 0.103 0.05 0.402 0.485 0.124 0.062 0.129 0.079 0.067 0.478 0.293 0.259 0.301 0.119 0.143 0.252 0.175 0.181 0.694 0.684 0.292 0.167 0.283 0.224 0.307 0.257 0.212 0.222 0.079 0.102 0.144 0.202 0.108 0.26 0.203 0.369 0.242 0.275 0.386 0.188 0.353 0.074 0.132 0.22 0.17 0.131 0.136 0.094 0.231 0.199 0.255 1.105 0.849 0.198 0.114 NaN 0.41 0.132 0.209 0.268 0.188 0.151 0.264 0.194 0.144 0.41 0.419 0.414 0.412 0.402 0.413 0.44 0.336 0.341 0.466 0.408 0.182 0.153 0.107 0.094 0.222 0.16 0.144 0.214 0.146 0.288 0.173 0.19 0.27 0.151 0.163 0.176 0.146 0.135 0.209 0.425 0.395 0.399 0.24 0.322 0.42 0.37 0.364 0.356 0.506 0.313 0.279 0.282 0.229
beethoven_piano_sonata_10-2_1__nc_wittenburg.mid                                                      0.037 0.379 0.299 0.251 0.322 0.294 0.196 0.089 0.115 0.247 0.451 0.392 0.421 0.1 0.079 0.314 0.173 0.197 0.145 0.113 0.000 0.232 0.082 0.2 0.112 0.152 0.23 0.193 0.209 0.168 0.117 0.358 0.44 0.102 0.068 0.151 0.092 0.102 0.426 0.247 0.231 0.293 0.132 0.151 0.213 0.163 0.174 0.688 0.682 0.243 0.147 0.263 0.229 0.221 0.167 0.126 0.143 0.074 0.135 0.105 0.229 0.147 0.273 0.159 0.345 0.219 0.205 0.415 0.155 0.424 0.096 0.078 0.132 0.123 0.069 0.103 0.072 0.173 0.207 0.206 1.085 0.814 0.106 0.108 NaN 0.368 0.089 0.155 0.245 0.14 0.082 0.266 0.139 0.172 0.374 0.392 0.374 0.38 0.361 0.377 0.4 0.294 0.285 0.42 0.365 0.128 0.117 0.109 0.12 0.173 0.123 0.111 0.132 0.083 0.217 0.196 0.119 0.219 0.096 0.075 0.147 0.092 0.103 0.263 0.41 0.37 0.404 0.226 0.28 0.354 0.341 0.324 0.321 0.46 0.267 0.224 0.234 0.18
beethoven_piano_sonata_10-2_2__nc_wittenburg.mid                                                      0.224 0.486 0.429 0.372 0.417 0.387 0.336 0.221 0.131 0.383 0.466 0.446 0.482 0.277 0.248 0.308 0.324 0.114 0.265 0.17 0.232 0.000 0.218 0.287 0.207 0.24 0.254 0.349 0.34 0.225 0.169 0.392 0.472 0.248 0.211 0.286 0.226 0.187 0.491 0.303 0.261 0.303 0.207 0.213 0.266 0.325 0.333 0.678 0.667 0.317 0.247 0.252 0.175 0.35 0.325 0.274 0.271 0.228 0.24 0.224 0.352 0.26 0.399 0.217 0.35 0.265 0.299 0.286 0.232 0.268 0.149 0.25 0.291 0.298 0.236 0.237 0.204 0.262 0.194 0.288 1.109 0.849 0.291 0.224 NaN 0.404 0.273 0.321 0.393 0.325 0.255 0.402 0.284 0.299 0.416 0.396 0.41 0.401 0.381 0.427 0.441 0.331 0.352 0.447 0.402 0.216 0.187 0.221 0.217 0.263 0.221 0.216 0.267 0.243 0.313 0.288 0.249 0.288 0.291 0.252 0.326 0.285 0.284 0.276 0.411 0.378 0.361 0.233 0.309 0.414 0.38 0.364 0.351 0.495 0.341 0.295 0.272 0.264
beethoven_piano_sonata_10-2_3__nc_wittenburg.mid                                                      0.08 0.351 0.276 0.226 0.301 0.267 0.177 0.078 0.122 0.226 0.496 0.449 0.46 0.143 0.127 0.35 0.203 0.176 0.165 0.086 0.082 0.218 0.000 0.167 0.085 0.12 0.193 0.171 0.179 0.127 0.087 0.412 0.49 0.136 0.059 0.121 0.103 0.102 0.453 0.285 0.276 0.327 0.118 0.163 0.259 0.178 0.187 0.721 0.712 0.302 0.179 0.303 0.255 0.258 0.203 0.187 0.2 0.057 0.121 0.164 0.212 0.113 0.262 0.203 0.384 0.259 0.255 0.432 0.209 0.402 0.112 0.135 0.179 0.154 0.13 0.156 0.082 0.224 0.232 0.218 1.112 0.854 0.152 0.134 NaN 0.423 0.118 0.211 0.275 0.167 0.139 0.26 0.204 0.152 0.433 0.442 0.429 0.434 0.413 0.437 0.461 0.35 0.348 0.461 0.419 0.175 0.164 0.119 0.115 0.227 0.173 0.16 0.19 0.138 0.277 0.203 0.163 0.271 0.139 0.144 0.168 0.128 0.129 0.26 0.453 0.416 0.434 0.267 0.327 0.413 0.39 0.375 0.371 0.516 0.31 0.271 0.279 0.229
beethoven_symphony_1_1__c_lucarelli.mid                                                               0.183 0.206 0.151 0.093 0.156 0.133 0.077 0.127 0.211 0.113 0.592 0.574 0.603 0.256 0.231 0.438 0.179 0.202 0.32 0.151 0.2 0.287 0.167 0.000 0.108 0.057 0.075 0.106 0.071 0.067 0.134 0.529 0.601 0.169 0.15 0.084 0.146 0.143 0.565 0.427 0.393 0.43 0.23 0.264 0.386 0.17 0.165 0.802 0.794 0.408 0.272 0.423 0.37 0.414 0.354 0.322 0.334 0.142 0.099 0.251 0.12 0.065 0.135 0.335 0.502 0.366 0.399 0.524 0.302 0.385 0.204 0.207 0.32 0.223 0.223 0.229 0.213 0.361 0.34 0.373 1.165 0.921 0.294 0.219 NaN 0.537 0.175 0.254 0.216 0.166 0.237 0.158 0.266 0.065 0.529 0.546 0.535 0.537 0.531 0.51 0.556 0.463 0.461 0.6 0.535 0.306 0.278 0.216 0.191 0.342 0.278 0.259 0.324 0.238 0.406 0.219 0.307 0.395 0.176 0.26 0.146 0.167 0.148 0.264 0.549 0.528 0.528 0.376 0.457 0.528 0.491 0.489 0.482 0.617 0.432 0.399 0.417 0.36
beethoven_symphony_2_1__c_lucarelli.mid                                                               0.099 0.308 0.24 0.182 0.253 0.226 0.137 0.057 0.119 0.189 0.512 0.48 0.517 0.181 0.158 0.36 0.171 0.15 0.232 0.066 0.112 0.207 0.085 0.108 0.000 0.061 0.13 0.153 0.143 0.067 0.046 0.438 0.518 0.118 0.058 0.1 0.081 0.071 0.492 0.332 0.298 0.344 0.139 0.181 0.291 0.158 0.163 0.735 0.726 0.321 0.192 0.327 0.274 0.324 0.271 0.23 0.243 0.061 0.065 0.168 0.173 0.069 0.212 0.234 0.41 0.279 0.302 0.438 0.217 0.371 0.11 0.136 0.235 0.177 0.143 0.154 0.128 0.264 0.247 0.277 1.127 0.871 0.207 0.139 NaN 0.448 0.12 0.207 0.233 0.152 0.16 0.221 0.202 0.109 0.445 0.459 0.45 0.45 0.439 0.436 0.472 0.37 0.37 0.501 0.445 0.213 0.186 0.135 0.119 0.255 0.192 0.168 0.233 0.159 0.313 0.185 0.216 0.304 0.134 0.172 0.144 0.124 0.113 0.228 0.467 0.438 0.444 0.284 0.36 0.44 0.41 0.403 0.394 0.535 0.344 0.308 0.317 0.265
beethoven_symphony_4_1__c_cvikl.mid                                                                   0.134 0.258 0.194 0.137 0.199 0.17 0.101 0.076 0.158 0.149 0.548 0.527 0.552 0.211 0.183 0.392 0.162 0.157 0.27 0.098 0.152 0.24 0.12 0.057 0.061 0.000 0.085 0.119 0.105 0.038 0.083 0.48 0.556 0.129 0.1 0.068 0.101 0.09 0.528 0.373 0.341 0.383 0.186 0.216 0.334 0.157 0.157 0.762 0.753 0.36 0.228 0.371 0.316 0.366 0.307 0.273 0.284 0.096 0.064 0.203 0.14 0.038 0.173 0.283 0.452 0.316 0.348 0.475 0.254 0.364 0.15 0.164 0.272 0.185 0.177 0.183 0.16 0.309 0.29 0.327 1.145 0.893 0.25 0.174 NaN 0.488 0.138 0.222 0.22 0.148 0.191 0.184 0.224 0.068 0.484 0.498 0.488 0.489 0.481 0.471 0.512 0.414 0.412 0.55 0.486 0.252 0.224 0.168 0.145 0.292 0.227 0.211 0.274 0.191 0.357 0.191 0.255 0.344 0.144 0.213 0.133 0.134 0.118 0.239 0.503 0.478 0.481 0.324 0.405 0.48 0.445 0.439 0.434 0.574 0.386 0.35 0.363 0.309
beethoven_symphony_5_1__c_cvikl.mid                                                                   0.209 0.236 0.2 0.15 0.175 0.151 0.146 0.155 0.205 0.17 0.598 0.59 0.619 0.29 0.257 0.441 0.221 0.165 0.342 0.156 0.23 0.254 0.193 0.075 0.13 0.085 0.000 0.171 0.136 0.068 0.134 0.54 0.613 0.19 0.179 0.134 0.175 0.148 0.59 0.442 0.404 0.443 0.253 0.281 0.399 0.217 0.214 0.811 0.802 0.428 0.3 0.426 0.364 0.441 0.384 0.349 0.357 0.178 0.135 0.268 0.171 0.111 0.187 0.348 0.513 0.381 0.42 0.505 0.313 0.315 0.206 0.236 0.348 0.257 0.247 0.252 0.229 0.379 0.344 0.395 1.173 0.934 0.329 0.246 NaN 0.547 0.217 0.284 0.256 0.217 0.267 0.203 0.291 0.125 0.54 0.55 0.546 0.544 0.539 0.519 0.568 0.473 0.476 0.616 0.546 0.318 0.286 0.242 0.216 0.359 0.293 0.277 0.346 0.264 0.427 0.25 0.327 0.411 0.22 0.289 0.198 0.211 0.191 0.277 0.559 0.537 0.531 0.381 0.466 0.542 0.498 0.502 0.492 0.629 0.452 0.415 0.427 0.378
beethoven_symphony_6_1__c_cvikl.mid                                                                   0.181 0.2 0.113 0.081 0.161 0.136 0.045 0.139 0.251 0.072 0.6 0.566 0.578 0.221 0.213 0.455 0.157 0.267 0.302 0.194 0.193 0.349 0.171 0.106 0.153 0.119 0.171 0.000 0.064 0.146 0.187 0.529 0.599 0.174 0.163 0.07 0.163 0.179 0.557 0.416 0.399 0.438 0.247 0.274 0.388 0.142 0.137 0.805 0.797 0.405 0.275 0.44 0.397 0.383 0.317 0.303 0.316 0.147 0.126 0.255 0.101 0.095 0.114 0.344 0.505 0.366 0.384 0.566 0.312 0.466 0.238 0.201 0.288 0.179 0.219 0.226 0.212 0.355 0.365 0.37 1.165 0.92 0.267 0.226 NaN 0.533 0.148 0.233 0.185 0.116 0.218 0.114 0.249 0.07 0.529 0.554 0.533 0.541 0.532 0.513 0.554 0.467 0.455 0.598 0.534 0.304 0.287 0.217 0.199 0.338 0.279 0.263 0.309 0.225 0.394 0.215 0.291 0.387 0.147 0.245 0.1 0.136 0.129 0.294 0.555 0.531 0.547 0.389 0.459 0.51 0.494 0.482 0.487 0.615 0.43 0.392 0.416 0.356
beethoven_symphony_7_1__c_cvikl.mid                                                                   0.194 0.176 0.108 0.06 0.145 0.123 0.053 0.153 0.25 0.066 0.618 0.589 0.61 0.26 0.243 0.476 0.189 0.259 0.326 0.193 0.209 0.34 0.179 0.071 0.143 0.105 0.136 0.064 0.000 0.119 0.175 0.552 0.622 0.186 0.173 0.087 0.174 0.18 0.57 0.444 0.421 0.464 0.255 0.294 0.41 0.162 0.157 0.833 0.825 0.429 0.298 0.456 0.409 0.41 0.347 0.329 0.345 0.159 0.135 0.275 0.114 0.091 0.115 0.359 0.532 0.395 0.411 0.575 0.329 0.437 0.241 0.222 0.321 0.224 0.239 0.251 0.232 0.378 0.378 0.381 1.181 0.937 0.291 0.247 NaN 0.56 0.181 0.257 0.204 0.152 0.249 0.131 0.281 0.077 0.552 0.576 0.559 0.564 0.556 0.53 0.577 0.488 0.479 0.619 0.557 0.327 0.306 0.242 0.222 0.363 0.303 0.282 0.333 0.253 0.419 0.248 0.317 0.416 0.177 0.269 0.134 0.165 0.15 0.31 0.583 0.558 0.569 0.409 0.481 0.541 0.514 0.514 0.509 0.639 0.448 0.417 0.439 0.38
beethoven_symphony_8_1__c_cvikl.mid                                                                   0.149 0.266 0.211 0.154 0.21 0.18 0.128 0.1 0.155 0.168 0.559 0.538 0.565 0.234 0.204 0.404 0.196 0.148 0.281 0.103 0.168 0.225 0.127 0.067 0.067 0.038 0.068 0.146 0.119 0.000 0.075 0.492 0.567 0.149 0.117 0.097 0.124 0.099 0.534 0.387 0.355 0.398 0.194 0.232 0.346 0.184 0.184 0.779 0.771 0.378 0.247 0.378 0.319 0.377 0.321 0.289 0.299 0.116 0.092 0.22 0.165 0.066 0.194 0.291 0.466 0.334 0.361 0.475 0.267 0.338 0.154 0.185 0.289 0.214 0.194 0.206 0.173 0.322 0.297 0.329 1.149 0.901 0.265 0.193 NaN 0.502 0.166 0.246 0.245 0.178 0.213 0.207 0.25 0.101 0.499 0.509 0.502 0.502 0.492 0.484 0.527 0.426 0.427 0.559 0.499 0.264 0.236 0.189 0.167 0.307 0.244 0.226 0.287 0.211 0.37 0.221 0.268 0.359 0.173 0.231 0.166 0.162 0.146 0.258 0.519 0.493 0.493 0.336 0.415 0.494 0.457 0.456 0.446 0.585 0.397 0.361 0.372 0.323
beethoven_symphony_9_1__c_cvikl.mid                                                                   0.1 0.336 0.272 0.215 0.275 0.245 0.174 0.075 0.084 0.223 0.497 0.469 0.502 0.19 0.157 0.344 0.196 0.114 0.224 0.05 0.117 0.169 0.087 0.134 0.046 0.083 0.134 0.187 0.175 0.075 0.000 0.424 0.502 0.121 0.074 0.126 0.092 0.054 0.483 0.321 0.288 0.337 0.145 0.181 0.278 0.186 0.192 0.732 0.723 0.316 0.196 0.306 0.248 0.318 0.268 0.227 0.236 0.085 0.097 0.162 0.205 0.101 0.248 0.219 0.401 0.274 0.293 0.412 0.205 0.333 0.084 0.141 0.233 0.187 0.14 0.157 0.117 0.253 0.23 0.266 1.115 0.857 0.21 0.145 NaN 0.435 0.141 0.216 0.26 0.181 0.164 0.252 0.208 0.142 0.435 0.442 0.437 0.436 0.423 0.428 0.463 0.357 0.36 0.489 0.431 0.197 0.169 0.143 0.128 0.243 0.181 0.165 0.225 0.159 0.303 0.206 0.205 0.293 0.154 0.173 0.174 0.145 0.135 0.242 0.46 0.427 0.433 0.268 0.343 0.431 0.395 0.392 0.379 0.522 0.333 0.294 0.3 0.255
Boulez_PAR.MID                                                                                        0.372 0.707 0.629 0.585 0.64 0.617 0.528 0.415 0.352 0.582 0.195 0.131 0.263 0.342 0.33 0.177 0.422 0.424 0.323 0.402 0.358 0.392 0.412 0.529 0.438 0.48 0.54 0.529 0.552 0.492 0.424 0.000 0.137 0.385 0.395 0.485 0.387 0.4 0.379 0.221 0.207 0.22 0.377 0.337 0.161 0.457 0.468 0.549 0.544 0.168 0.299 0.149 0.231 0.297 0.321 0.266 0.248 0.413 0.451 0.284 0.54 0.485 0.591 0.225 0.208 0.224 0.202 0.3 0.229 0.595 0.344 0.333 0.302 0.379 0.319 0.323 0.352 0.205 0.239 0.298 0.935 0.612 0.307 0.331 NaN 0.075 0.387 0.346 0.505 0.451 0.318 0.579 0.31 0.501 0.124 0.103 0.076 0.09 0.057 0.234 0.166 0.091 0.112 0.168 0.039 0.258 0.278 0.347 0.373 0.2 0.263 0.297 0.254 0.312 0.165 0.411 0.274 0.168 0.39 0.298 0.453 0.403 0.411 0.435 0.22 0.153 0.252 0.194 0.105 0.213 0.149 0.132 0.066 0.163 0.174 0.179 0.165 0.198
Boulez_TXT.MID                                                                                        0.451 0.771 0.696 0.657 0.707 0.683 0.601 0.495 0.432 0.652 0.263 0.187 0.269 0.426 0.407 0.268 0.498 0.501 0.405 0.485 0.44 0.472 0.49 0.601 0.518 0.556 0.613 0.599 0.622 0.567 0.502 0.137 0.000 0.462 0.477 0.558 0.465 0.478 0.396 0.318 0.316 0.324 0.466 0.43 0.263 0.534 0.544 0.609 0.607 0.261 0.386 0.254 0.326 0.369 0.394 0.353 0.333 0.494 0.531 0.372 0.614 0.562 0.664 0.315 0.31 0.324 0.295 0.377 0.313 0.65 0.425 0.411 0.384 0.457 0.399 0.412 0.435 0.302 0.337 0.369 0.887 0.538 0.387 0.416 NaN 0.174 0.466 0.417 0.576 0.526 0.399 0.649 0.397 0.577 0.228 0.19 0.163 0.189 0.161 0.325 0.25 0.206 0.232 0.218 0.156 0.345 0.368 0.436 0.457 0.291 0.352 0.389 0.335 0.392 0.259 0.499 0.355 0.267 0.464 0.384 0.528 0.478 0.486 0.526 0.303 0.248 0.341 0.294 0.215 0.291 0.248 0.229 0.174 0.157 0.255 0.255 0.266 0.302
brahms_ballade_10_1__c_dery.mid                                                                       0.082 0.333 0.259 0.216 0.264 0.241 0.166 0.094 0.129 0.213 0.453 0.428 0.471 0.155 0.111 0.321 0.117 0.186 0.231 0.124 0.102 0.248 0.136 0.169 0.118 0.129 0.19 0.174 0.186 0.149 0.121 0.385 0.462 0.000 0.106 0.131 0.082 0.076 0.471 0.315 0.282 0.336 0.205 0.209 0.258 0.154 0.159 0.733 0.728 0.281 0.195 0.301 0.266 0.303 0.245 0.201 0.204 0.118 0.121 0.112 0.199 0.138 0.23 0.22 0.399 0.261 0.27 0.443 0.162 0.389 0.116 0.071 0.203 0.122 0.083 0.108 0.12 0.233 0.246 0.286 1.095 0.817 0.184 0.148 NaN 0.393 0.09 0.11 0.189 0.12 0.112 0.216 0.125 0.146 0.384 0.406 0.391 0.394 0.389 0.362 0.413 0.323 0.31 0.479 0.39 0.178 0.157 0.151 0.149 0.2 0.142 0.145 0.19 0.113 0.262 0.2 0.182 0.261 0.081 0.13 0.107 0.077 0.059 0.272 0.446 0.408 0.439 0.258 0.319 0.381 0.344 0.359 0.344 0.477 0.301 0.268 0.285 0.235
brahms_clarinet_sonata_120_1__c_harfesoft.mid                                                         0.064 0.342 0.265 0.212 0.286 0.257 0.158 0.039 0.108 0.215 0.476 0.438 0.466 0.129 0.109 0.324 0.157 0.162 0.183 0.062 0.068 0.211 0.059 0.15 0.058 0.1 0.179 0.163 0.173 0.117 0.074 0.395 0.477 0.106 0.000 0.11 0.057 0.074 0.457 0.281 0.254 0.301 0.108 0.139 0.245 0.149 0.157 0.697 0.688 0.275 0.146 0.288 0.241 0.275 0.221 0.179 0.192 0.026 0.081 0.129 0.188 0.096 0.238 0.192 0.365 0.233 0.252 0.414 0.18 0.401 0.089 0.099 0.183 0.135 0.104 0.113 0.081 0.216 0.21 0.238 1.104 0.841 0.158 0.094 NaN 0.404 0.083 0.181 0.238 0.14 0.111 0.24 0.165 0.128 0.406 0.421 0.408 0.411 0.396 0.408 0.434 0.33 0.327 0.456 0.402 0.166 0.144 0.086 0.078 0.208 0.147 0.127 0.185 0.111 0.265 0.159 0.165 0.254 0.106 0.124 0.138 0.098 0.098 0.217 0.425 0.394 0.407 0.243 0.316 0.398 0.372 0.355 0.352 0.496 0.301 0.262 0.272 0.215
brahms_ein_deutsch_requeim_45_1__c_petri.mid                                                          0.136 0.241 0.165 0.118 0.187 0.156 0.071 0.081 0.19 0.121 0.554 0.528 0.541 0.191 0.171 0.405 0.145 0.203 0.261 0.129 0.151 0.286 0.121 0.084 0.1 0.068 0.134 0.07 0.087 0.097 0.126 0.485 0.558 0.131 0.11 0.000 0.11 0.12 0.53 0.371 0.349 0.392 0.201 0.225 0.34 0.122 0.121 0.768 0.76 0.366 0.234 0.386 0.337 0.352 0.288 0.266 0.278 0.099 0.084 0.208 0.105 0.045 0.156 0.295 0.46 0.322 0.344 0.505 0.264 0.413 0.177 0.161 0.255 0.149 0.174 0.18 0.156 0.31 0.309 0.329 1.143 0.894 0.235 0.181 NaN 0.49 0.117 0.208 0.198 0.12 0.181 0.153 0.218 0.048 0.487 0.507 0.491 0.496 0.486 0.476 0.513 0.422 0.415 0.555 0.491 0.255 0.236 0.169 0.15 0.292 0.23 0.214 0.27 0.184 0.355 0.185 0.248 0.343 0.125 0.207 0.101 0.111 0.1 0.259 0.511 0.483 0.498 0.335 0.411 0.477 0.449 0.439 0.441 0.577 0.388 0.35 0.369 0.31
brahms_hungarian_dance_1__c_yogore.mid                                                                0.078 0.332 0.259 0.208 0.273 0.247 0.153 0.056 0.112 0.213 0.461 0.442 0.471 0.148 0.102 0.307 0.123 0.162 0.211 0.079 0.092 0.226 0.103 0.146 0.081 0.101 0.175 0.163 0.174 0.124 0.092 0.387 0.465 0.082 0.057 0.11 0.000 0.068 0.451 0.295 0.26 0.302 0.144 0.155 0.245 0.139 0.144 0.698 0.69 0.268 0.141 0.288 0.246 0.299 0.244 0.193 0.202 0.071 0.087 0.117 0.179 0.107 0.23 0.201 0.373 0.235 0.266 0.415 0.166 0.398 0.091 0.079 0.205 0.133 0.097 0.103 0.104 0.225 0.212 0.261 1.09 0.81 0.176 0.09 NaN 0.399 0.079 0.161 0.22 0.137 0.107 0.231 0.148 0.122 0.394 0.412 0.398 0.401 0.392 0.393 0.424 0.327 0.323 0.463 0.395 0.175 0.15 0.1 0.085 0.198 0.141 0.133 0.19 0.107 0.267 0.153 0.178 0.254 0.088 0.131 0.124 0.085 0.075 0.214 0.42 0.392 0.406 0.24 0.316 0.403 0.359 0.35 0.342 0.484 0.292 0.262 0.281 0.221
brahms_sonate_2-pianos_34b_1__c_lefeldt.mid                                                           0.078 0.336 0.267 0.215 0.267 0.237 0.168 0.061 0.079 0.219 0.475 0.45 0.482 0.165 0.122 0.321 0.158 0.12 0.22 0.067 0.102 0.187 0.102 0.143 0.071 0.09 0.148 0.179 0.18 0.099 0.054 0.4 0.478 0.076 0.074 0.12 0.068 0.000 0.476 0.309 0.275 0.326 0.167 0.18 0.26 0.173 0.179 0.723 0.716 0.293 0.184 0.292 0.241 0.309 0.255 0.21 0.213 0.089 0.091 0.128 0.2 0.109 0.239 0.21 0.39 0.255 0.277 0.41 0.175 0.341 0.073 0.104 0.214 0.151 0.107 0.124 0.102 0.237 0.224 0.274 1.1 0.832 0.199 0.131 NaN 0.41 0.111 0.177 0.231 0.152 0.131 0.235 0.165 0.138 0.41 0.418 0.41 0.411 0.4 0.4 0.438 0.336 0.335 0.481 0.408 0.174 0.145 0.132 0.12 0.214 0.15 0.146 0.202 0.125 0.28 0.19 0.185 0.268 0.118 0.148 0.145 0.111 0.102 0.242 0.443 0.409 0.423 0.251 0.324 0.402 0.369 0.366 0.356 0.496 0.317 0.273 0.284 0.239
brahms_waltzes_39_1__c_yogore.mid                                                                     0.426 0.723 0.654 0.616 0.685 0.656 0.562 0.485 0.432 0.615 0.471 0.423 0.353 0.433 0.404 0.431 0.512 0.517 0.39 0.478 0.426 0.491 0.453 0.565 0.492 0.528 0.59 0.557 0.57 0.534 0.483 0.379 0.396 0.471 0.457 0.53 0.451 0.476 0.000 0.376 0.396 0.424 0.434 0.438 0.355 0.521 0.528 0.721 0.715 0.34 0.386 0.374 0.409 0.345 0.368 0.363 0.356 0.465 0.514 0.427 0.594 0.532 0.636 0.344 0.441 0.415 0.359 0.498 0.4 0.677 0.431 0.432 0.398 0.481 0.428 0.448 0.44 0.366 0.401 0.32 1.118 0.625 0.369 0.426 NaN 0.442 0.46 0.471 0.592 0.502 0.409 0.632 0.446 0.55 0.46 0.459 0.445 0.454 0.408 0.506 0.482 0.405 0.394 0.36 0.401 0.381 0.404 0.445 0.453 0.357 0.409 0.428 0.337 0.414 0.327 0.523 0.367 0.364 0.465 0.391 0.523 0.458 0.473 0.548 0.483 0.437 0.475 0.396 0.348 0.463 0.438 0.414 0.386 0.467 0.276 0.344 0.359 0.364
debussy_la_mer_1__c_galimberti.mid                                                                    0.268 0.609 0.526 0.481 0.547 0.518 0.423 0.303 0.266 0.478 0.352 0.267 0.243 0.214 0.226 0.239 0.356 0.327 0.149 0.293 0.247 0.303 0.285 0.427 0.332 0.373 0.442 0.416 0.444 0.387 0.321 0.221 0.318 0.315 0.281 0.371 0.295 0.309 0.376 0.000 0.101 0.154 0.237 0.188 0.116 0.353 0.366 0.502 0.495 0.152 0.2 0.15 0.163 0.156 0.177 0.143 0.14 0.29 0.346 0.222 0.434 0.368 0.496 0.142 0.143 0.129 0.1 0.29 0.211 0.538 0.252 0.265 0.163 0.274 0.245 0.238 0.227 0.105 0.17 0.199 1.041 0.753 0.201 0.23 NaN 0.227 0.291 0.31 0.445 0.354 0.228 0.486 0.249 0.391 0.273 0.273 0.253 0.264 0.216 0.355 0.296 0.19 0.192 0.233 0.235 0.152 0.176 0.226 0.255 0.16 0.193 0.208 0.162 0.223 0.148 0.303 0.157 0.109 0.307 0.207 0.366 0.31 0.328 0.333 0.235 0.181 0.245 0.142 0.144 0.254 0.268 0.153 0.21 0.351 0.205 0.16 0.114 0.106
debussy_la_mer_2__c_galimberti.mid                                                                    0.249 0.58 0.502 0.452 0.515 0.491 0.396 0.275 0.229 0.454 0.322 0.272 0.311 0.214 0.214 0.191 0.316 0.286 0.189 0.259 0.231 0.261 0.276 0.393 0.298 0.341 0.404 0.399 0.421 0.355 0.288 0.207 0.316 0.282 0.254 0.349 0.26 0.275 0.396 0.101 0.000 0.102 0.214 0.157 0.096 0.319 0.331 0.493 0.485 0.114 0.16 0.112 0.114 0.224 0.228 0.15 0.151 0.268 0.31 0.179 0.4 0.341 0.463 0.119 0.128 0.085 0.132 0.243 0.164 0.498 0.213 0.232 0.193 0.263 0.216 0.194 0.216 0.105 0.11 0.227 1.031 0.743 0.211 0.191 NaN 0.211 0.267 0.281 0.402 0.333 0.207 0.457 0.213 0.361 0.232 0.243 0.229 0.231 0.203 0.307 0.251 0.159 0.165 0.254 0.22 0.145 0.147 0.199 0.225 0.135 0.159 0.16 0.169 0.2 0.15 0.262 0.172 0.1 0.281 0.189 0.338 0.287 0.3 0.278 0.199 0.152 0.199 0.072 0.139 0.257 0.245 0.145 0.184 0.333 0.2 0.161 0.12 0.091
debussy_la_mer_3__c_galimberti.mid                                                                    0.31 0.615 0.538 0.489 0.553 0.53 0.434 0.321 0.286 0.494 0.314 0.299 0.345 0.266 0.27 0.167 0.346 0.326 0.256 0.301 0.293 0.303 0.327 0.43 0.344 0.383 0.443 0.438 0.464 0.398 0.337 0.22 0.324 0.336 0.301 0.392 0.302 0.326 0.424 0.154 0.102 0.000 0.248 0.186 0.145 0.368 0.377 0.446 0.43 0.149 0.181 0.145 0.163 0.292 0.298 0.226 0.222 0.315 0.347 0.233 0.435 0.383 0.496 0.185 0.1 0.092 0.2 0.219 0.212 0.545 0.269 0.283 0.261 0.311 0.276 0.245 0.273 0.181 0.131 0.276 1.024 0.739 0.273 0.223 NaN 0.223 0.311 0.33 0.447 0.382 0.258 0.497 0.261 0.399 0.237 0.243 0.234 0.233 0.215 0.327 0.27 0.186 0.208 0.255 0.231 0.216 0.214 0.227 0.249 0.191 0.212 0.22 0.241 0.254 0.213 0.265 0.239 0.154 0.329 0.252 0.383 0.339 0.348 0.256 0.137 0.131 0.121 0.12 0.179 0.297 0.255 0.147 0.194 0.336 0.228 0.209 0.182 0.151
debussy_nocturnes_1__c_siu.mid                                                                        0.148 0.422 0.349 0.293 0.376 0.348 0.243 0.141 0.151 0.3 0.463 0.421 0.447 0.168 0.168 0.311 0.241 0.199 0.163 0.119 0.132 0.207 0.118 0.23 0.139 0.186 0.253 0.247 0.255 0.194 0.145 0.377 0.466 0.205 0.108 0.201 0.144 0.167 0.434 0.237 0.214 0.248 0.000 0.091 0.222 0.214 0.224 0.633 0.62 0.255 0.123 0.258 0.211 0.256 0.223 0.178 0.198 0.112 0.167 0.174 0.261 0.18 0.321 0.168 0.309 0.204 0.232 0.364 0.205 0.442 0.133 0.173 0.196 0.208 0.17 0.166 0.131 0.198 0.171 0.195 1.101 0.842 0.166 0.106 NaN 0.389 0.168 0.256 0.326 0.232 0.166 0.332 0.222 0.211 0.396 0.408 0.398 0.399 0.378 0.424 0.424 0.313 0.322 0.402 0.385 0.179 0.163 0.097 0.103 0.218 0.177 0.148 0.198 0.165 0.261 0.18 0.178 0.243 0.195 0.161 0.233 0.193 0.197 0.199 0.378 0.353 0.352 0.221 0.295 0.402 0.371 0.332 0.337 0.488 0.283 0.255 0.251 0.191
